2.660109339366936165e-01
3.095105053085424274e+00
1.443276020535475102e+00
8.492715157627923617e-01
5.651230146099532892e-01
3.995332611195077099e-01
2.976221917829642294e-01
2.275402711281577783e-01
1.783981144720414580e-01
1.427094522713858726e-01
1.164365452820472768e-01
9.554441931771417984e-02
7.893689825109384550e-02
6.537519916853451463e-02
5.430420039599770377e-02
4.574060378438726815e-02
3.957255344379295714e-02
3.366252079923048868e-02
2.932431504710231174e-02
2.510448668625797630e-02
2.144676541926093805e-02
1.870017259638601104e-02
1.597396808599027551e-02
1.409772960271071796e-02
1.202847642064663880e-02
1.027614708207291727e-02
8.809091575627814308e-03
7.840647656706556390e-03
6.735037380283914743e-03
5.981107043730116146e-03
5.068060953482333986e-03
4.350494684428163339e-03
4.618689536207032376e-03
3.764527373375958774e-03
3.638302033654783330e-03
3.577549251441602962e-03
3.130513816617552791e-03
2.881122870758812127e-03
2.823222756517695942e-03
2.432235863168319412e-03
2.328763569842351444e-03
2.358857822184257103e-03
2.140857061527112748e-03
2.226468753860455507e-03
2.216282892481435951e-03
2.273134586025404857e-03
2.454875059602290577e-03
2.442851741723428560e-03
2.580546572289232898e-03
2.219713396030220665e-03
2.225980863871601656e-03
2.135380437261025222e-03
1.716453053916433547e-03
1.595515324649854350e-03
1.159165111343396504e-03
8.941811664189280862e-04
5.753959647700757074e-04
4.185863739001316475e-04
1.422867215550294162e-04
-5.273810496075892473e-05
-6.008626270326278274e-05
-1.669197934216493096e-04
-4.950594374518724194e-04
-3.914507323393712213e-04
-4.822526766322665637e-04
-4.815821713677337357e-04
-5.619375154434225195e-04
-7.536665360023953042e-04
-8.637804250981595544e-04
-9.386366981105620511e-04
-9.162646731081247609e-04
-7.811631038612265598e-04
-8.303654832351181625e-04
-1.007744772593799354e-03
-8.902645773635198267e-04
-9.293762838732400056e-04
-7.353789172572788857e-04
-7.447130552943326265e-04
-5.831662912134660814e-04
-5.885083297815230097e-04
-4.537062303822114728e-04
-5.384871258841128494e-04
-4.047078472942944316e-04
-3.276205518852881582e-04
-2.472901852981213011e-04
-2.855932266120353447e-04
-1.575206786244010004e-04
-2.083627498432605307e-04
-1.170759965005707670e-04
-1.137976861449452315e-04
8.805789800003793744e-06
-1.228284927778933167e-05
-3.362891843672333181e-05
2.466531283951134412e-05
-5.142551630610281421e-05
4.193292700827022657e-05
1.150794025146506527e-04
1.431173593842149927e-04
2.151822586216045607e-04
