1.000000000000000021e-03
1.026615384615384485e+00
2.052230769230769081e+00
3.077846153846153676e+00
4.103461538461538716e+00
5.129076923076923755e+00
6.154692307692307907e+00
7.180307692307692058e+00
8.205923076923076209e+00
9.231538461538461249e+00
1.025715384615384629e+01
1.128276923076922955e+01
1.230838461538461459e+01
1.333399999999999963e+01
1.435961538461538289e+01
1.538523076923076793e+01
1.641084615384615475e+01
1.743646153846153979e+01
1.846207692307692483e+01
1.948769230769230987e+01
2.051330769230769491e+01
2.153892307692307639e+01
2.256453846153846143e+01
2.359015384615384647e+01
2.461576923076923151e+01
2.564138461538461655e+01
2.666700000000000159e+01
2.769261538461538663e+01
2.871823076923076812e+01
2.974384615384615316e+01
3.076946153846153820e+01
3.179507692307692324e+01
3.282069230769230472e+01
3.384630769230768976e+01
3.487192307692307480e+01
3.589753846153845984e+01
3.692315384615384488e+01
3.794876923076922992e+01
3.897438461538461496e+01
4.000000000000000000e+01
